4294967278,47
4294967278,46
4294967278,45
4294967278,44
4294967278,43
4294967278,222
4294967294,10
4294967294,161
4294967294,30
4294967294,61
4294967279,221
4294967278,220
4294967279,219
4294967278,62
4294967278,61
4294967278,60
4294967278,59
4294967278,58
4294967278,57
4294967278,56
4294967278,55
4294967278,54
4294967278,53
4294967278,52
4294967278,51
4294967278,50
4294967278,49
4294967279,89
4294967279,86
4294967279,85
4294967279,84
4294967279,83
4294967279,81
4294967279,79
4294967279,77
4294967279,75
4294967279,71
4294967279,70
4294967279,69
4294967279,68
4294967279,67
4294967279,66
4294967279,65
4294967279,64
4294967279,63
4294967279,61
4294967279,58
4294967279,56
4294967279,55
4294967279,54
4294967279,53
4294967279,51
4294967279,49
4294967279,47
4294967279,45
4294967279,44
4294967279,43
4294967279,42
4294967279,39
4294967279,36
4294967279,35
4294967279,33
4294967279,32
4294967279,30
4294967279,519
4294967279,29
4294967279,518
4294967279,27
4294967279,137
4294967279,26
4294967279,24
4294967279,23
4294967279,21
4294967279,20
4294967279,18
4294967279,15
4294967279,14
4294967279,13
4294967279,12
4294967279,11
4294967278,217
4294967279,216
4294967278,214
4294967278,321
4294967279,552
145,6
4294967278,209
4294967279,211
4294967278,319
4294967279,210
145,5
4294967278,353
4294967278,239
4294967279,573
4294967278,318
145,4
145,3
145,2
145,1
4294967278,200
4294967278,199
4294967279,199
4294967278,198
4294967294,1094
4294967278,197
4294967278,196
143,4
143,3
143,2
143,1
4294967278,346
4294967279,193
142,4
142,3
142,2
142,1
4294967278,191
141,6
4294967294,436
4294967278,185
4294967279,187
4294967279,186
141,5
141,4
141,3
141,2
141,1
4294967279,300
4294967279,179
4294967278,369
4294967279,530
140,5
140,4
140,3
140,2
140,1
4294967279,294
4294967294,408
4294967294,406
4294967294,1004
4294967294,191
4294967294,384
4294967294,109
4294967294,111
4294967294,113
4294967279,293
4294967279,528
4294967279,169
139,5
139,4
139,3
139,2
139,1
4294967278,301
4294967279,292
4294967279,164
4294967279,526
4294967278,300
138,5
138,4
138,3
138,2
138,1
4294967279,152
4294967279,151
4294967278,295
4294967279,547
136,4
4294967279,147
136,3
136,2
136,1
4294967279,545
4294967278,362
4294967279,329
4294967294,89
4294967279,288
4294967278,361
4294967278,293
4294967279,287
4294967294,1005
4294967279,520
4294967278,336
4294967279,286
4294967278,291
4294967278,335
4294967278,334
4294967279,517
4294967294,162
4294967278,277
4294967278,136
4294967278,135
4294967294,12
4294967278,329
4294967278,252
4294967278,249
4294967278,223
4294967278,354
4294967278,317
4294967278,316
4294967279,324
4294967279,269
4294967278,284
4294967294,115
4294967278,273
4294967279,266
135,6
4294967278,270
4294967278,283
4294967279,568
4294967279,558
4294967278,269
135,5
4294967279,276
4294967279,284
4294967278,385
4294967279,257
135,4
135,3
135,2
135,1
4294967278,262
4294967279,543
4294967279,542
133,4
133,3
133,2
133,1
4294967278,389
4294967278,355
4294967279,318
4294967279,315
132,4
132,3
132,2
132,1
4294967279,314
4294967294,392
4294967279,313
4294967278,250
4294967279,250
4294967279,249
131,6
4294967294,1418
4294967294,393
4294967294,471
4294967294,999
4294967294,185
4294967294,1000
4294967294,1175
4294967294,167
4294967294,461
4294967294,175
4294967294,453
4294967294,108
4294967294,457
4294967278,248
4294967279,539
4294967279,0
131,5
4294967279,243
4294967279,241
131,4
131,3
131,2
131,1
4294967279,239
4294967279,237
4294967294,1416
4294967294,0
4294967294,1
4294967294,388
4294967294,114
4294967294,2
4294967279,236
4294967279,238
4294967278,235
4294967279,235
130,5
0,7
4294967294,42
4294967294,386
4294967294,387
4294967294,46
4294967278,232
4294967279,231
130,4
4294967279,229
130,3
130,2
130,1
4294967279,228
4294967279,227
4294967294,469
4294967294,389
4294967278,225
4294967294,5
4294967294,107
4294967294,29
4294967294,91
4294967294,90
4294967294,87
4294967294,86
4294967294,85
4294967294,84
4294967294,418
4294967294,1174
4294967294,1173
4294967294,1017
4294967294,28
4294967294,53
4294967294,45
4294967294,426
4294967294,44
4294967294,43
4294967279,224
4294967279,220
4294967278,219
4294967279,217
4294967279,215
4294967279,212
4294967294,96
4294967294,94
4294967279,312
129,5
129,4
4294967279,213
129,3
129,2
129,1
4294967279,311
4294967278,320
4294967294,9
4294967294,8
4294967279,574
4294967278,371
4294967279,208
4294967279,567
128,5
4294967294,6
4294967294,1018
4294967279,207
4294967279,206
128,4
128,3
128,2
128,1
4294967279,205
4294967279,204
4294967294,416
4294967294,52
4294967279,203
4294967279,202
4294967279,307
4294967279,198
4294967294,99
126,4
126,3
126,2
126,1
4294967279,194
4294967278,348
4294967278,260
4294967278,0
4294967294,120
4294967278,345
4294967278,380
4294967279,564
4294967294,93
4294967294,95
4294967278,313
4294967279,563
4294967294,92
4294967294,423
4294967278,379
4294967279,303
4294967294,50
4294967279,562
4294967278,311
4294967278,373
4294967294,88
4294967294,1016
4294967294,27
4294967278,184
4294967278,303
4294967279,531
4294967294,22
4294967294,17
4294967294,76
4294967294,41
4294967294,26
4294967294,528
4294967294,419
4294967294,188
4294967294,67
4294967294,51
